1008566	1.0  0.0  0.0  0.0  0.0  0.0  0.0  0.0
1019546	0.0  1.0  0.0  0.0  0.0  0.0  0.0  0.0
1023148	1.0  0.0  0.0  0.0  0.0  0.0  0.0  0.0
1023421	0.0  0.0  1.0  0.0  0.0  0.0  0.0  0.0
1167189	0.0  0.0  1.0  0.0  0.0  0.0  0.0  0.0
172001	1.0  0.0  0.0  0.0  0.0  0.0  0.0  0.0
212606	0.0  0.0  1.0  0.0  0.0  0.0  0.0  0.0
261958	0.0  0.0  1.0  0.0  0.0  0.0  0.0  0.0
262629	1.0  0.0  0.0  0.0  0.0  0.0  0.0  0.0
288799	0.0  0.0  1.0  0.0  0.0  0.0  0.0  0.0
301056	0.0  0.0  1.0  0.0  0.0  0.0  0.0  0.0
306660	0.0  0.0  1.0  0.0  0.0  0.0  0.0  0.0
322606	0.0  0.0  1.0  0.0  0.0  0.0  0.0  0.0
338799	1.0  0.0  0.0  0.0  0.0  0.0  0.0  0.0
344115	0.0  0.0  1.0  0.0  0.0  0.0  0.0  0.0
349695	0.0  1.0  0.0  0.0  0.0  0.0  0.0  0.0
349723	0.0  0.0  1.0  0.0  0.0  0.0  0.0  0.0
377980	0.0  0.0  1.0  0.0  0.0  0.0  0.0  0.0
416909	0.0  0.0  1.0  0.0  0.0  0.0  0.0  0.0
4233538	0.0  0.0  1.0  0.0  0.0  0.0  0.0  0.0
4428205	0.0  0.0  1.0  0.0  0.0  0.0  0.0  0.0
5623261	0.0  0.0  1.0  0.0  0.0  0.0  0.0  0.0
628546	0.0  0.0  1.0  0.0  0.0  0.0  0.0  0.0
645165	0.0  1.0  0.0  0.0  0.0  0.0  0.0  0.0
678173	0.0  0.0  1.0  0.0  0.0  0.0  0.0  0.0
743622	0.0  0.0  1.0  0.0  0.0  0.0  0.0  0.0
744540	0.0  0.0  1.0  0.0  0.0  0.0  0.0  0.0
785040	0.0  0.0  1.0  0.0  0.0  0.0  0.0  0.0
786511	0.0  0.0  1.0  0.0  0.0  0.0  0.0  0.0
790762	0.0  0.0  1.0  0.0  0.0  0.0  0.0  0.0
909815	0.0  0.0  1.0  0.0  0.0  0.0  0.0  0.0
921356	0.0  0.0  1.0  0.0  0.0  0.0  0.0  0.0
938447	0.0  0.0  1.0  0.0  0.0  0.0  0.0  0.0
y21064962234	0.0  1.0  0.0  0.0  0.0  0.0  0.0  0.0
y22412491256	0.0  0.0  1.0  0.0  0.0  0.0  0.0  0.0
y24373194378	0.0  0.0  1.0  0.0  0.0  0.0  0.0  0.0
y25212535979	0.0  0.0  1.0  0.0  0.0  0.0  0.0  0.0
y25432756021	0.0  0.0  1.0  0.0  0.0  0.0  0.0  0.0
y26020956004	0.0  0.0  1.0  0.0  0.0  0.0  0.0  0.0
y26959267112	0.0  0.0  1.0  0.0  0.0  0.0  0.0  0.0
y27729029910	0.0  0.0  1.0  0.0  0.0  0.0  0.0  0.0
y36411843133	0.0  0.0  1.0  0.0  0.0  0.0  0.0  0.0
y36482263000	1.0  0.0  0.0  0.0  0.0  0.0  0.0  0.0
y61259047620	0.0  0.0  1.0  0.0  0.0  0.0  0.0  0.0
